{
  "name": "burma14 (TSPLIB)",
  "description": "14 cities \u2014 best known = 3323000 m",
  "problem_type": "TSP",
  "category": "TSPLIB",
  "locations": [
    {
      "id": "loc_0",
      "label": "Depot",
      "lat": 16.783333,
      "lng": 96.166667,
      "demand": 0,
      "time_window": [
        0,
        86400
      ]
    },
    {
      "id": "loc_1",
      "label": "City 1",
      "lat": 16.783333,
      "lng": 94.733333,
      "demand": 0,
      "time_window": [
        0,
        86400
      ]
    },
    {
      "id": "loc_2",
      "label": "City 2",
      "lat": 20.15,
      "lng": 92.9,
      "demand": 0,
      "time_window": [
        0,
        86400
      ]
    },
    {
      "id": "loc_3",
      "label": "City 3",
      "lat": 22.65,
      "lng": 93.616667,
      "demand": 0,
      "time_window": [
        0,
        86400
      ]
    },
    {
      "id": "loc_4",
      "label": "City 4",
      "lat": 25.383333,
      "lng": 97.4,
      "demand": 0,
      "time_window": [
        0,
        86400
      ]
    },
    {
      "id": "loc_5",
      "label": "City 5",
      "lat": 22.0,
      "lng": 96.083333,
      "demand": 0,
      "time_window": [
        0,
        86400
      ]
    },
    {
      "id": "loc_6",
      "label": "City 6",
      "lat": 20.783333,
      "lng": 97.033333,
      "demand": 0,
      "time_window": [
        0,
        86400
      ]
    },
    {
      "id": "loc_7",
      "label": "City 7",
      "lat": 17.333333,
      "lng": 96.483333,
      "demand": 0,
      "time_window": [
        0,
        86400
      ]
    },
    {
      "id": "loc_8",
      "label": "City 8",
      "lat": 16.5,
      "lng": 97.633333,
      "demand": 0,
      "time_window": [
        0,
        86400
      ]
    },
    {
      "id": "loc_9",
      "label": "City 9",
      "lat": 14.083333,
      "lng": 98.2,
      "demand": 0,
      "time_window": [
        0,
        86400
      ]
    },
    {
      "id": "loc_10",
      "label": "City 10",
      "lat": 16.883333,
      "lng": 97.633333,
      "demand": 0,
      "time_window": [
        0,
        86400
      ]
    },
    {
      "id": "loc_11",
      "label": "City 11",
      "lat": 21.866667,
      "lng": 95.983333,
      "demand": 0,
      "time_window": [
        0,
        86400
      ]
    },
    {
      "id": "loc_12",
      "label": "City 12",
      "lat": 19.683333,
      "lng": 97.216667,
      "demand": 0,
      "time_window": [
        0,
        86400
      ]
    },
    {
      "id": "loc_13",
      "label": "City 13",
      "lat": 20.15,
      "lng": 94.916667,
      "demand": 0,
      "time_window": [
        0,
        86400
      ]
    }
  ],
  "vehicles": [
    {
      "id": 0,
      "capacity": 0,
      "max_distance": 100000000,
      "max_time": 100000000
    }
  ],
  "pickup_delivery_pairs": [],
  "optimization_objective": "distance",
  "distance_matrix": [
    [
      0,
      153000,
      510000,
      706000,
      966000,
      581000,
      455000,
      70000,
      160000,
      372000,
      157000,
      567000,
      342000,
      398000
    ],
    [
      153000,
      0,
      422000,
      664000,
      997000,
      598000,
      507000,
      197000,
      311000,
      479000,
      310000,
      581000,
      417000,
      376000
    ],
    [
      510000,
      422000,
      0,
      289000,
      744000,
      390000,
      437000,
      491000,
      645000,
      880000,
      618000,
      374000,
      455000,
      211000
    ],
    [
      706000,
      664000,
      289000,
      0,
      491000,
      265000,
      410000,
      664000,
      804000,
      1070000,
      768000,
      259000,
      499000,
      310000
    ],
    [
      966000,
      997000,
      744000,
      491000,
      0,
      400000,
      514000,
      902000,
      990000,
      1261000,
      947000,
      418000,
      635000,
      636000
    ],
    [
      581000,
      598000,
      390000,
      265000,
      400000,
      0,
      168000,
      522000,
      634000,
      910000,
      593000,
      19000,
      284000,
      239000
    ],
    [
      455000,
      507000,
      437000,
      410000,
      514000,
      168000,
      0,
      389000,
      482000,
      757000,
      439000,
      163000,
      124000,
      232000
    ],
    [
      70000,
      197000,
      491000,
      664000,
      902000,
      522000,
      389000,
      0,
      154000,
      406000,
      133000,
      508000,
      273000,
      355000
    ],
    [
      160000,
      311000,
      645000,
      804000,
      990000,
      634000,
      482000,
      154000,
      0,
      276000,
      43000,
      623000,
      358000,
      498000
    ],
    [
      372000,
      479000,
      880000,
      1070000,
      1261000,
      910000,
      757000,
      406000,
      276000,
      0,
      318000,
      898000,
      633000,
      761000
    ],
    [
      157000,
      310000,
      618000,
      768000,
      947000,
      593000,
      439000,
      133000,
      43000,
      318000,
      0,
      582000,
      315000,
      464000
    ],
    [
      567000,
      581000,
      374000,
      259000,
      418000,
      19000,
      163000,
      508000,
      623000,
      898000,
      582000,
      0,
      275000,
      221000
    ],
    [
      342000,
      417000,
      455000,
      499000,
      635000,
      284000,
      124000,
      273000,
      358000,
      633000,
      315000,
      275000,
      0,
      247000
    ],
    [
      398000,
      376000,
      211000,
      310000,
      636000,
      239000,
      232000,
      355000,
      498000,
      761000,
      464000,
      221000,
      247000,
      0
    ]
  ],
  "duration_matrix": [],
  "expected": {
    "status": "SUCCESS",
    "objective_value": null,
    "num_routes": 1,
    "best_known_objective": 3323000,
    "quality_threshold": 5.0
  },
  "best_known_routes": []
}