{
  "name": "ulysses22 (TSPLIB)",
  "description": "22 cities \u2014 best known = 7013",
  "problem_type": "TSP",
  "category": "TSPLIB",
  "locations": [
    {
      "id": "loc_0",
      "label": "Depot",
      "lat": 38.4,
      "lng": 20.7,
      "demand": 0,
      "time_window": [
        0,
        86400
      ]
    },
    {
      "id": "loc_1",
      "label": "City 1",
      "lat": 39.95,
      "lng": 26.25,
      "demand": 0,
      "time_window": [
        0,
        86400
      ]
    },
    {
      "id": "loc_2",
      "label": "City 2",
      "lat": 40.933333,
      "lng": 25.533333,
      "demand": 0,
      "time_window": [
        0,
        86400
      ]
    },
    {
      "id": "loc_3",
      "label": "City 3",
      "lat": 36.433333,
      "lng": 23.2,
      "demand": 0,
      "time_window": [
        0,
        86400
      ]
    },
    {
      "id": "loc_4",
      "label": "City 4",
      "lat": 33.8,
      "lng": 10.9,
      "demand": 0,
      "time_window": [
        0,
        86400
      ]
    },
    {
      "id": "loc_5",
      "label": "City 5",
      "lat": 37.933333,
      "lng": 12.316667,
      "demand": 0,
      "time_window": [
        0,
        86400
      ]
    },
    {
      "id": "loc_6",
      "label": "City 6",
      "lat": 38.7,
      "lng": 13.183333,
      "demand": 0,
      "time_window": [
        0,
        86400
      ]
    },
    {
      "id": "loc_7",
      "label": "City 7",
      "lat": 37.866667,
      "lng": 20.733333,
      "demand": 0,
      "time_window": [
        0,
        86400
      ]
    },
    {
      "id": "loc_8",
      "label": "City 8",
      "lat": 41.383333,
      "lng": 9.166667,
      "demand": 0,
      "time_window": [
        0,
        86400
      ]
    },
    {
      "id": "loc_9",
      "label": "City 9",
      "lat": 41.283333,
      "lng": 13.083333,
      "demand": 0,
      "time_window": [
        0,
        86400
      ]
    },
    {
      "id": "loc_10",
      "label": "City 10",
      "lat": 36.133333,
      "lng": -5.35,
      "demand": 0,
      "time_window": [
        0,
        86400
      ]
    },
    {
      "id": "loc_11",
      "label": "City 11",
      "lat": 38.783333,
      "lng": 15.216667,
      "demand": 0,
      "time_window": [
        0,
        86400
      ]
    },
    {
      "id": "loc_12",
      "label": "City 12",
      "lat": 38.25,
      "lng": 15.583333,
      "demand": 0,
      "time_window": [
        0,
        86400
      ]
    },
    {
      "id": "loc_13",
      "label": "City 13",
      "lat": 37.85,
      "lng": 15.283333,
      "demand": 0,
      "time_window": [
        0,
        86400
      ]
    },
    {
      "id": "loc_14",
      "label": "City 14",
      "lat": 35.816667,
      "lng": 14.533333,
      "demand": 0,
      "time_window": [
        0,
        86400
      ]
    },
    {
      "id": "loc_15",
      "label": "City 15",
      "lat": 39.6,
      "lng": 19.933333,
      "demand": 0,
      "time_window": [
        0,
        86400
      ]
    },
    {
      "id": "loc_16",
      "label": "City 16",
      "lat": 38.15,
      "lng": 24.6,
      "demand": 0,
      "time_window": [
        0,
        86400
      ]
    },
    {
      "id": "loc_17",
      "label": "City 17",
      "lat": 36.15,
      "lng": 23.0,
      "demand": 0,
      "time_window": [
        0,
        86400
      ]
    },
    {
      "id": "loc_18",
      "label": "City 18",
      "lat": 40.733333,
      "lng": 13.95,
      "demand": 0,
      "time_window": [
        0,
        86400
      ]
    },
    {
      "id": "loc_19",
      "label": "City 19",
      "lat": 40.55,
      "lng": 14.25,
      "demand": 0,
      "time_window": [
        0,
        86400
      ]
    },
    {
      "id": "loc_20",
      "label": "City 20",
      "lat": 40.616667,
      "lng": 14.383333,
      "demand": 0,
      "time_window": [
        0,
        86400
      ]
    },
    {
      "id": "loc_21",
      "label": "City 21",
      "lat": 37.95,
      "lng": 22.933333,
      "demand": 0,
      "time_window": [
        0,
        86400
      ]
    }
  ],
  "vehicles": [
    {
      "id": 0,
      "capacity": 0,
      "max_distance": 1000000,
      "max_time": 360000
    }
  ],
  "pickup_delivery_pairs": [],
  "optimization_objective": "distance",
  "distance_matrix": [
    [
      0,
      509,
      501,
      312,
      1019,
      736,
      656,
      60,
      1039,
      726,
      2314,
      479,
      448,
      479,
      619,
      150,
      342,
      323,
      635,
      604,
      596,
      202
    ],
    [
      509,
      0,
      126,
      474,
      1526,
      1226,
      1133,
      532,
      1449,
      1122,
      2789,
      958,
      941,
      978,
      1127,
      542,
      246,
      510,
      1047,
      1021,
      1010,
      364
    ],
    [
      501,
      126,
      0,
      541,
      1516,
      1184,
      1084,
      536,
      1371,
      1045,
      2728,
      913,
      904,
      946,
      1115,
      499,
      321,
      577,
      976,
      952,
      941,
      401
    ],
    [
      312,
      474,
      541,
      0,
      1157,
      980,
      919,
      271,
      1333,
      1029,
      2553,
      751,
      704,
      720,
      783,
      455,
      228,
      37,
      936,
      904,
      898,
      171
    ],
    [
      1019,
      1526,
      1516,
      1157,
      0,
      478,
      583,
      996,
      858,
      855,
      1504,
      677,
      651,
      600,
      401,
      1033,
      1325,
      1134,
      818,
      808,
      820,
      1179
    ],
    [
      736,
      1226,
      1184,
      980,
      478,
      0,
      115,
      740,
      470,
      379,
      1581,
      271,
      289,
      261,
      308,
      687,
      1077,
      970,
      342,
      336,
      348,
      932
    ],
    [
      656,
      1133,
      1084,
      919,
      583,
      115,
      0,
      667,
      455,
      288,
      1661,
      177,
      216,
      207,
      343,
      592,
      997,
      913,
      236,
      226,
      237,
      856
    ],
    [
      60,
      532,
      536,
      271,
      996,
      740,
      667,
      0,
      1066,
      759,
      2320,
      493,
      454,
      479,
      598,
      206,
      341,
      278,
      666,
      634,
      628,
      194
    ],
    [
      1039,
      1449,
      1371,
      1333,
      858,
      470,
      455,
      1066,
      0,
      328,
      1387,
      591,
      650,
      656,
      776,
      933,
      1367,
      1333,
      408,
      438,
      447,
      1239
    ],
    [
      726,
      1122,
      1045,
      1029,
      855,
      379,
      288,
      759,
      328,
      0,
      1697,
      333,
      400,
      427,
      622,
      610,
      1046,
      1033,
      96,
      128,
      133,
      922
    ],
    [
      2314,
      2789,
      2728,
      2553,
      1504,
      1581,
      1661,
      2320,
      1387,
      1697,
      0,
      1838,
      1868,
      1841,
      1789,
      2248,
      2656,
      2540,
      1755,
      1777,
      1789,
      2512
    ],
    [
      479,
      958,
      913,
      751,
      677,
      271,
      177,
      493,
      591,
      333,
      1838,
      0,
      68,
      105,
      336,
      417,
      821,
      748,
      243,
      214,
      217,
      680
    ],
    [
      448,
      941,
      904,
      704,
      651,
      289,
      216,
      454,
      650,
      400,
      1868,
      68,
      0,
      52,
      287,
      406,
      789,
      698,
      311,
      281,
      283,
      645
    ],
    [
      479,
      978,
      946,
      720,
      600,
      261,
      207,
      479,
      656,
      427,
      1841,
      105,
      52,
      0,
      237,
      449,
      818,
      712,
      341,
      314,
      318,
      672
    ],
    [
      619,
      1127,
      1115,
      783,
      401,
      308,
      343,
      598,
      776,
      622,
      1789,
      336,
      287,
      237,
      0,
      636,
      932,
      764,
      550,
      528,
      535,
      785
    ],
    [
      150,
      542,
      499,
      455,
      1033,
      687,
      592,
      206,
      933,
      610,
      2248,
      417,
      406,
      449,
      636,
      0,
      436,
      470,
      525,
      496,
      486,
      319
    ],
    [
      342,
      246,
      321,
      228,
      1325,
      1077,
      997,
      341,
      1367,
      1046,
      2656,
      821,
      789,
      818,
      932,
      436,
      0,
      265,
      959,
      930,
      921,
      148
    ],
    [
      323,
      510,
      577,
      37,
      1134,
      970,
      913,
      278,
      1333,
      1033,
      2540,
      748,
      698,
      712,
      764,
      470,
      265,
      0,
      939,
      907,
      901,
      201
    ],
    [
      635,
      1047,
      976,
      936,
      818,
      342,
      236,
      666,
      408,
      96,
      1755,
      243,
      311,
      341,
      550,
      525,
      959,
      939,
      0,
      33,
      39,
      833
    ],
    [
      604,
      1021,
      952,
      904,
      808,
      336,
      226,
      634,
      438,
      128,
      1777,
      214,
      281,
      314,
      528,
      496,
      930,
      907,
      33,
      0,
      14,
      803
    ],
    [
      596,
      1010,
      941,
      898,
      820,
      348,
      237,
      628,
      447,
      133,
      1789,
      217,
      283,
      318,
      535,
      486,
      921,
      901,
      39,
      14,
      0,
      794
    ],
    [
      202,
      364,
      401,
      171,
      1179,
      932,
      856,
      194,
      1239,
      922,
      2512,
      680,
      645,
      672,
      785,
      319,
      148,
      201,
      833,
      803,
      794,
      0
    ]
  ],
  "duration_matrix": [
    [
      0,
      509,
      501,
      312,
      1019,
      736,
      656,
      60,
      1039,
      726,
      2314,
      479,
      448,
      479,
      619,
      150,
      342,
      323,
      635,
      604,
      596,
      202
    ],
    [
      509,
      0,
      126,
      474,
      1526,
      1226,
      1133,
      532,
      1449,
      1122,
      2789,
      958,
      941,
      978,
      1127,
      542,
      246,
      510,
      1047,
      1021,
      1010,
      364
    ],
    [
      501,
      126,
      0,
      541,
      1516,
      1184,
      1084,
      536,
      1371,
      1045,
      2728,
      913,
      904,
      946,
      1115,
      499,
      321,
      577,
      976,
      952,
      941,
      401
    ],
    [
      312,
      474,
      541,
      0,
      1157,
      980,
      919,
      271,
      1333,
      1029,
      2553,
      751,
      704,
      720,
      783,
      455,
      228,
      37,
      936,
      904,
      898,
      171
    ],
    [
      1019,
      1526,
      1516,
      1157,
      0,
      478,
      583,
      996,
      858,
      855,
      1504,
      677,
      651,
      600,
      401,
      1033,
      1325,
      1134,
      818,
      808,
      820,
      1179
    ],
    [
      736,
      1226,
      1184,
      980,
      478,
      0,
      115,
      740,
      470,
      379,
      1581,
      271,
      289,
      261,
      308,
      687,
      1077,
      970,
      342,
      336,
      348,
      932
    ],
    [
      656,
      1133,
      1084,
      919,
      583,
      115,
      0,
      667,
      455,
      288,
      1661,
      177,
      216,
      207,
      343,
      592,
      997,
      913,
      236,
      226,
      237,
      856
    ],
    [
      60,
      532,
      536,
      271,
      996,
      740,
      667,
      0,
      1066,
      759,
      2320,
      493,
      454,
      479,
      598,
      206,
      341,
      278,
      666,
      634,
      628,
      194
    ],
    [
      1039,
      1449,
      1371,
      1333,
      858,
      470,
      455,
      1066,
      0,
      328,
      1387,
      591,
      650,
      656,
      776,
      933,
      1367,
      1333,
      408,
      438,
      447,
      1239
    ],
    [
      726,
      1122,
      1045,
      1029,
      855,
      379,
      288,
      759,
      328,
      0,
      1697,
      333,
      400,
      427,
      622,
      610,
      1046,
      1033,
      96,
      128,
      133,
      922
    ],
    [
      2314,
      2789,
      2728,
      2553,
      1504,
      1581,
      1661,
      2320,
      1387,
      1697,
      0,
      1838,
      1868,
      1841,
      1789,
      2248,
      2656,
      2540,
      1755,
      1777,
      1789,
      2512
    ],
    [
      479,
      958,
      913,
      751,
      677,
      271,
      177,
      493,
      591,
      333,
      1838,
      0,
      68,
      105,
      336,
      417,
      821,
      748,
      243,
      214,
      217,
      680
    ],
    [
      448,
      941,
      904,
      704,
      651,
      289,
      216,
      454,
      650,
      400,
      1868,
      68,
      0,
      52,
      287,
      406,
      789,
      698,
      311,
      281,
      283,
      645
    ],
    [
      479,
      978,
      946,
      720,
      600,
      261,
      207,
      479,
      656,
      427,
      1841,
      105,
      52,
      0,
      237,
      449,
      818,
      712,
      341,
      314,
      318,
      672
    ],
    [
      619,
      1127,
      1115,
      783,
      401,
      308,
      343,
      598,
      776,
      622,
      1789,
      336,
      287,
      237,
      0,
      636,
      932,
      764,
      550,
      528,
      535,
      785
    ],
    [
      150,
      542,
      499,
      455,
      1033,
      687,
      592,
      206,
      933,
      610,
      2248,
      417,
      406,
      449,
      636,
      0,
      436,
      470,
      525,
      496,
      486,
      319
    ],
    [
      342,
      246,
      321,
      228,
      1325,
      1077,
      997,
      341,
      1367,
      1046,
      2656,
      821,
      789,
      818,
      932,
      436,
      0,
      265,
      959,
      930,
      921,
      148
    ],
    [
      323,
      510,
      577,
      37,
      1134,
      970,
      913,
      278,
      1333,
      1033,
      2540,
      748,
      698,
      712,
      764,
      470,
      265,
      0,
      939,
      907,
      901,
      201
    ],
    [
      635,
      1047,
      976,
      936,
      818,
      342,
      236,
      666,
      408,
      96,
      1755,
      243,
      311,
      341,
      550,
      525,
      959,
      939,
      0,
      33,
      39,
      833
    ],
    [
      604,
      1021,
      952,
      904,
      808,
      336,
      226,
      634,
      438,
      128,
      1777,
      214,
      281,
      314,
      528,
      496,
      930,
      907,
      33,
      0,
      14,
      803
    ],
    [
      596,
      1010,
      941,
      898,
      820,
      348,
      237,
      628,
      447,
      133,
      1789,
      217,
      283,
      318,
      535,
      486,
      921,
      901,
      39,
      14,
      0,
      794
    ],
    [
      202,
      364,
      401,
      171,
      1179,
      932,
      856,
      194,
      1239,
      922,
      2512,
      680,
      645,
      672,
      785,
      319,
      148,
      201,
      833,
      803,
      794,
      0
    ]
  ],
  "expected": {
    "status": "SUCCESS",
    "objective_value": null,
    "num_routes": 1,
    "best_known_objective": 7013,
    "quality_threshold": 5.0
  },
  "best_known_routes": []
}