{
  "name": "ulysses22 (TSPLIB)",
  "description": "22 cities \u2014 best known = 7013000 m",
  "problem_type": "TSP",
  "category": "TSPLIB",
  "locations": [
    {
      "id": "loc_0",
      "label": "Depot",
      "lat": 38.4,
      "lng": 20.7,
      "demand": 0,
      "time_window": [
        0,
        86400
      ]
    },
    {
      "id": "loc_1",
      "label": "City 1",
      "lat": 39.95,
      "lng": 26.25,
      "demand": 0,
      "time_window": [
        0,
        86400
      ]
    },
    {
      "id": "loc_2",
      "label": "City 2",
      "lat": 40.933333,
      "lng": 25.533333,
      "demand": 0,
      "time_window": [
        0,
        86400
      ]
    },
    {
      "id": "loc_3",
      "label": "City 3",
      "lat": 36.433333,
      "lng": 23.2,
      "demand": 0,
      "time_window": [
        0,
        86400
      ]
    },
    {
      "id": "loc_4",
      "label": "City 4",
      "lat": 33.8,
      "lng": 10.9,
      "demand": 0,
      "time_window": [
        0,
        86400
      ]
    },
    {
      "id": "loc_5",
      "label": "City 5",
      "lat": 37.933333,
      "lng": 12.316667,
      "demand": 0,
      "time_window": [
        0,
        86400
      ]
    },
    {
      "id": "loc_6",
      "label": "City 6",
      "lat": 38.7,
      "lng": 13.183333,
      "demand": 0,
      "time_window": [
        0,
        86400
      ]
    },
    {
      "id": "loc_7",
      "label": "City 7",
      "lat": 37.866667,
      "lng": 20.733333,
      "demand": 0,
      "time_window": [
        0,
        86400
      ]
    },
    {
      "id": "loc_8",
      "label": "City 8",
      "lat": 41.383333,
      "lng": 9.166667,
      "demand": 0,
      "time_window": [
        0,
        86400
      ]
    },
    {
      "id": "loc_9",
      "label": "City 9",
      "lat": 41.283333,
      "lng": 13.083333,
      "demand": 0,
      "time_window": [
        0,
        86400
      ]
    },
    {
      "id": "loc_10",
      "label": "City 10",
      "lat": 36.133333,
      "lng": -5.35,
      "demand": 0,
      "time_window": [
        0,
        86400
      ]
    },
    {
      "id": "loc_11",
      "label": "City 11",
      "lat": 38.783333,
      "lng": 15.216667,
      "demand": 0,
      "time_window": [
        0,
        86400
      ]
    },
    {
      "id": "loc_12",
      "label": "City 12",
      "lat": 38.25,
      "lng": 15.583333,
      "demand": 0,
      "time_window": [
        0,
        86400
      ]
    },
    {
      "id": "loc_13",
      "label": "City 13",
      "lat": 37.85,
      "lng": 15.283333,
      "demand": 0,
      "time_window": [
        0,
        86400
      ]
    },
    {
      "id": "loc_14",
      "label": "City 14",
      "lat": 35.816667,
      "lng": 14.533333,
      "demand": 0,
      "time_window": [
        0,
        86400
      ]
    },
    {
      "id": "loc_15",
      "label": "City 15",
      "lat": 39.6,
      "lng": 19.933333,
      "demand": 0,
      "time_window": [
        0,
        86400
      ]
    },
    {
      "id": "loc_16",
      "label": "City 16",
      "lat": 38.15,
      "lng": 24.6,
      "demand": 0,
      "time_window": [
        0,
        86400
      ]
    },
    {
      "id": "loc_17",
      "label": "City 17",
      "lat": 36.15,
      "lng": 23.0,
      "demand": 0,
      "time_window": [
        0,
        86400
      ]
    },
    {
      "id": "loc_18",
      "label": "City 18",
      "lat": 40.733333,
      "lng": 13.95,
      "demand": 0,
      "time_window": [
        0,
        86400
      ]
    },
    {
      "id": "loc_19",
      "label": "City 19",
      "lat": 40.55,
      "lng": 14.25,
      "demand": 0,
      "time_window": [
        0,
        86400
      ]
    },
    {
      "id": "loc_20",
      "label": "City 20",
      "lat": 40.616667,
      "lng": 14.383333,
      "demand": 0,
      "time_window": [
        0,
        86400
      ]
    },
    {
      "id": "loc_21",
      "label": "City 21",
      "lat": 37.95,
      "lng": 22.933333,
      "demand": 0,
      "time_window": [
        0,
        86400
      ]
    }
  ],
  "vehicles": [
    {
      "id": 0,
      "capacity": 0,
      "max_distance": 100000000,
      "max_time": 100000000
    }
  ],
  "pickup_delivery_pairs": [],
  "optimization_objective": "distance",
  "distance_matrix": [
    [
      0,
      509000,
      501000,
      312000,
      1019000,
      736000,
      656000,
      60000,
      1039000,
      726000,
      2314000,
      479000,
      448000,
      479000,
      619000,
      150000,
      342000,
      323000,
      635000,
      604000,
      596000,
      202000
    ],
    [
      509000,
      0,
      126000,
      474000,
      1526000,
      1226000,
      1133000,
      532000,
      1449000,
      1122000,
      2789000,
      958000,
      941000,
      978000,
      1127000,
      542000,
      246000,
      510000,
      1047000,
      1021000,
      1010000,
      364000
    ],
    [
      501000,
      126000,
      0,
      541000,
      1516000,
      1184000,
      1084000,
      536000,
      1371000,
      1045000,
      2728000,
      913000,
      904000,
      946000,
      1115000,
      499000,
      321000,
      577000,
      976000,
      952000,
      941000,
      401000
    ],
    [
      312000,
      474000,
      541000,
      0,
      1157000,
      980000,
      919000,
      271000,
      1333000,
      1029000,
      2553000,
      751000,
      704000,
      720000,
      783000,
      455000,
      228000,
      37000,
      936000,
      904000,
      898000,
      171000
    ],
    [
      1019000,
      1526000,
      1516000,
      1157000,
      0,
      478000,
      583000,
      996000,
      858000,
      855000,
      1504000,
      677000,
      651000,
      600000,
      401000,
      1033000,
      1325000,
      1134000,
      818000,
      808000,
      820000,
      1179000
    ],
    [
      736000,
      1226000,
      1184000,
      980000,
      478000,
      0,
      115000,
      740000,
      470000,
      379000,
      1581000,
      271000,
      289000,
      261000,
      308000,
      687000,
      1077000,
      970000,
      342000,
      336000,
      348000,
      932000
    ],
    [
      656000,
      1133000,
      1084000,
      919000,
      583000,
      115000,
      0,
      667000,
      455000,
      288000,
      1661000,
      177000,
      216000,
      207000,
      343000,
      592000,
      997000,
      913000,
      236000,
      226000,
      237000,
      856000
    ],
    [
      60000,
      532000,
      536000,
      271000,
      996000,
      740000,
      667000,
      0,
      1066000,
      759000,
      2320000,
      493000,
      454000,
      479000,
      598000,
      206000,
      341000,
      278000,
      666000,
      634000,
      628000,
      194000
    ],
    [
      1039000,
      1449000,
      1371000,
      1333000,
      858000,
      470000,
      455000,
      1066000,
      0,
      328000,
      1387000,
      591000,
      650000,
      656000,
      776000,
      933000,
      1367000,
      1333000,
      408000,
      438000,
      447000,
      1239000
    ],
    [
      726000,
      1122000,
      1045000,
      1029000,
      855000,
      379000,
      288000,
      759000,
      328000,
      0,
      1697000,
      333000,
      400000,
      427000,
      622000,
      610000,
      1046000,
      1033000,
      96000,
      128000,
      133000,
      922000
    ],
    [
      2314000,
      2789000,
      2728000,
      2553000,
      1504000,
      1581000,
      1661000,
      2320000,
      1387000,
      1697000,
      0,
      1838000,
      1868000,
      1841000,
      1789000,
      2248000,
      2656000,
      2540000,
      1755000,
      1777000,
      1789000,
      2512000
    ],
    [
      479000,
      958000,
      913000,
      751000,
      677000,
      271000,
      177000,
      493000,
      591000,
      333000,
      1838000,
      0,
      68000,
      105000,
      336000,
      417000,
      821000,
      748000,
      243000,
      214000,
      217000,
      680000
    ],
    [
      448000,
      941000,
      904000,
      704000,
      651000,
      289000,
      216000,
      454000,
      650000,
      400000,
      1868000,
      68000,
      0,
      52000,
      287000,
      406000,
      789000,
      698000,
      311000,
      281000,
      283000,
      645000
    ],
    [
      479000,
      978000,
      946000,
      720000,
      600000,
      261000,
      207000,
      479000,
      656000,
      427000,
      1841000,
      105000,
      52000,
      0,
      237000,
      449000,
      818000,
      712000,
      341000,
      314000,
      318000,
      672000
    ],
    [
      619000,
      1127000,
      1115000,
      783000,
      401000,
      308000,
      343000,
      598000,
      776000,
      622000,
      1789000,
      336000,
      287000,
      237000,
      0,
      636000,
      932000,
      764000,
      550000,
      528000,
      535000,
      785000
    ],
    [
      150000,
      542000,
      499000,
      455000,
      1033000,
      687000,
      592000,
      206000,
      933000,
      610000,
      2248000,
      417000,
      406000,
      449000,
      636000,
      0,
      436000,
      470000,
      525000,
      496000,
      486000,
      319000
    ],
    [
      342000,
      246000,
      321000,
      228000,
      1325000,
      1077000,
      997000,
      341000,
      1367000,
      1046000,
      2656000,
      821000,
      789000,
      818000,
      932000,
      436000,
      0,
      265000,
      959000,
      930000,
      921000,
      148000
    ],
    [
      323000,
      510000,
      577000,
      37000,
      1134000,
      970000,
      913000,
      278000,
      1333000,
      1033000,
      2540000,
      748000,
      698000,
      712000,
      764000,
      470000,
      265000,
      0,
      939000,
      907000,
      901000,
      201000
    ],
    [
      635000,
      1047000,
      976000,
      936000,
      818000,
      342000,
      236000,
      666000,
      408000,
      96000,
      1755000,
      243000,
      311000,
      341000,
      550000,
      525000,
      959000,
      939000,
      0,
      33000,
      39000,
      833000
    ],
    [
      604000,
      1021000,
      952000,
      904000,
      808000,
      336000,
      226000,
      634000,
      438000,
      128000,
      1777000,
      214000,
      281000,
      314000,
      528000,
      496000,
      930000,
      907000,
      33000,
      0,
      14000,
      803000
    ],
    [
      596000,
      1010000,
      941000,
      898000,
      820000,
      348000,
      237000,
      628000,
      447000,
      133000,
      1789000,
      217000,
      283000,
      318000,
      535000,
      486000,
      921000,
      901000,
      39000,
      14000,
      0,
      794000
    ],
    [
      202000,
      364000,
      401000,
      171000,
      1179000,
      932000,
      856000,
      194000,
      1239000,
      922000,
      2512000,
      680000,
      645000,
      672000,
      785000,
      319000,
      148000,
      201000,
      833000,
      803000,
      794000,
      0
    ]
  ],
  "duration_matrix": [],
  "expected": {
    "status": "SUCCESS",
    "objective_value": null,
    "num_routes": 1,
    "best_known_objective": 7013000,
    "quality_threshold": 5.0
  },
  "best_known_routes": []
}